111 
626 10
25467 60277 56379 94298 37101 85702 49881 18408 58421 46041 
1016 10
88210 38177 82435 98259 3811 4268 42278 437 96662 31468 
1573 10
95564 73636 24632 93175 54410 37730 60936 44788 73476 82601 
2437 10
24530 57738 15676 75084 14546 39800 87201 74328 36578 25095 
6993 10
16950 48603 2980 93421 69164 81627 26720 52974 53 33515 
7394 10
15914 44619 18300 87449 98554 95832 45194 57011 81654 56217 
292 10
96318 33538 53449 90971 97706 7376 68442 87532 23671 40035 
433 10
74877 77698 10289 67190 67389 14492 50022 54623 12265 1166 
511 10
52074 96423 74356 45769 23089 93224 56421 88467 50621 91945 
571 13
53022 16583 48390 34855 79996 78054 86139 10556 57458 20225 19435 89592 96106 
724 11
23944 47649 38943 41455 37165 47825 32822 74492 79426 60453 34919 
725 10
70871 24213 21105 26194 99625 53946 52832 94995 57134 85447 
767 12
10948 33923 38823 90546 80862 30450 8863 33740 73805 40430 5121 30861 
813 11
32256 11997 1143 85509 87626 29194 40902 76537 18689 24136 3780 
856 10
52078 11939 70262 39745 80762 41637 61574 80072 13974 62957 
961 10
38307 43419 40392 33658 34996 99590 9304 38257 82592 70043 
995 10
73844 91045 40241 26812 40938 89254 61478 20318 71309 95611 
999 10
5864 61028 34817 89646 91124 88333 42847 34321 44041 39135 
1102 10
65592 34513 102 68199 99827 22815 24549 75798 61617 14312 
1124 11
77114 30731 22749 28968 6475 34924 43942 58333 54796 14840 27955 
1231 10
24078 67879 84602 69045 93993 90934 62763 46637 95083 50913 
1271 10
28773 35685 39846 73484 13665 91230 23113 37721 23550 58716 
1286 10
13734 42207 95531 7345 96233 50196 1507 69011 42370 47537 
1392 11
15227 86576 2584 41831 20162 26918 11874 55121 49105 55229 4866 
1508 10
19562 47208 19426 24102 96432 8568 91455 95112 84090 42613 
1757 10
88265 86689 14381 48197 86288 3810 11575 67728 58879 83612 
1792 11
36382 77864 58344 79919 38582 65547 47471 69090 36371 17425 82381 
1796 10
63547 45384 24706 44846 28708 1510 17528 1215 1442 41119 
1819 11
62158 13396 58930 91420 7663 88993 90053 13090 73741 86779 14562 
1849 10
26122 99694 96216 58511 7500 94813 79646 87993 77871 72423 
1861 11
36478 82072 56532 62512 41096 88773 16674 83577 58489 4304 99241 
1904 10
13558 27383 52719 13505 27821 54890 73649 14044 46917 12357 
1994 10
99660 7580 71554 44909 85211 7841 67929 29187 10633 44962 
2025 10
37227 67110 88363 14911 95303 78314 29443 68311 83137 41209 
2026 12
42470 65398 69008 75866 10744 55041 96000 18132 32615 99307 486 63956 
2062 13
24338 77810 86551 36758 67521 16718 94222 96885 63768 98370 22705 95794 87846 
2351 12
19709 51686 66216 5280 59611 95745 3236 1492 64075 4079 35763 24688 
2367 10
911 2335 81942 96297 85684 62545 68771 65115 60097 56880 
2431 10
41715 22180 43342 73869 46832 41559 40710 18579 33576 88586 
2466 12
13701 59639 35727 19116 88048 93459 2613 41722 76078 67175 47254 91345 
2624 11
20516 60927 24420 25284 29384 49035 43112 18658 82652 75803 56868 
2840 11
92488 62626 85002 92754 72094 97624 15807 16371 35682 34727 34147 
3079 10
843 6397 75515 87578 90319 62528 32433 26527 63263 4345 
3100 12
10106 94500 21658 5805 37987 25071 13218 34613 24447 89109 87994 39681 
3287 11
64068 82783 35276 15295 26785 53392 36123 42747 56029 56994 29533 
3516 10
69463 69880 25810 9978 9395 46928 6103 27989 49344 53372 
3717 10
8590 48421 4518 24056 66609 97535 31884 96697 80541 47402 
3780 11
71 10780 24280 25832 39895 72790 54514 99673 50908 87183 23965 
3832 10
35265 16635 80438 95860 53771 2762 26449 17609 61208 87407 
3897 11
95176 69117 28729 72566 54849 47318 91672 91493 59191 82385 62045 
4248 13
64880 4281 72284 38960 6520 17793 78076 66988 98428 92635 6928 31670 83303 
4417 12
68974 69328 16094 43678 90707 96820 39717 56527 36349 49349 90109 22318 
4444 10
32882 87811 49509 45225 22022 25569 75478 98850 47703 61294 
4500 11
58554 24650 29223 25822 72662 44385 16128 89459 20771 60643 97920 
4627 10
56179 91070 43516 68943 24657 9367 38601 79127 24111 44423 
4715 15
78812 75103 76954 3690 62958 51784 10344 93728 68926 47297 89514 61183 68596 85468 25617 
4784 14
1236 80003 43219 2787 85920 32891 88986 58761 76831 36121 70228 54047 35026 16501 
4792 11
48949 82476 17642 97959 96204 40783 89030 35511 16623 60722 85844 
4916 11
25543 61794 98253 7868 59950 19583 74634 48165 57310 46083 9641 
4943 10
50755 38013 12584 43417 82716 25236 22344 63712 69710 87883 
4948 11
51777 96161 10867 91248 64303 39354 45939 80747 48023 95243 90646 
5041 10
44984 40694 95216 33533 76299 82098 6344 76255 89798 77644 
5061 13
44936 30186 24465 62839 46841 30345 44377 68725 28379 58771 1253 93835 74507 
5234 14
96023 30587 22560 14468 62581 27545 6969 83298 24869 55379 5436 96560 31656 68174 
5308 12
82452 44135 96532 26162 54410 85725 31925 79372 71060 14001 64608 37083 
5549 10
41130 38254 18510 99555 58699 55683 64664 33727 70503 84979 
5562 12
60303 18261 33227 85205 50954 96412 1697 18989 5013 38106 93436 99241 
5582 10
46074 19790 43071 99170 3960 40151 62665 76124 58726 22810 
5588 12
18561 12037 90730 98776 4681 14873 47083 53411 60557 59753 36425 23922 
5797 10
95621 3279 74096 58687 31583 17401 18015 74733 18333 60795 
5902 10
66572 80440 13882 46308 57713 71697 94010 72382 78206 45185 
5906 11
64819 67448 93304 64338 83592 87194 20740 19258 61709 24967 55762 
6170 12
24112 42708 81562 29098 84818 87561 58243 85423 90441 89924 24139 41313 
6316 13
92291 80217 45745 65562 66138 95115 35543 51290 49234 7698 78012 87684 93730 
6424 12
30924 81689 81478 95899 85020 59337 34941 79158 69397 77740 78414 13228 
6469 10
44004 33072 96868 70746 28028 34473 82343 72109 46570 55133 
6473 10
51189 712 21482 38145 24494 30439 94134 30685 66212 61905 
6661 10
37238 56416 17522 79387 86958 37975 62917 1820 67718 46249 
6761 10
28729 59530 66015 28765 45826 41537 51623 36413 53101 66461 
6959 10
94465 69000 8805 80912 38982 15291 94854 10551 99623 17021 
7151 10
61179 31687 75861 17264 86023 38851 21172 56613 41231 10556 
7303 10
94568 13025 41755 71727 67192 71027 29048 2200 32300 20831 
7323 13
47457 86618 38839 12926 34748 52943 58251 91605 93644 45276 83392 94419 16117 
7433 10
47588 77170 87996 39656 24707 6511 16188 85552 64217 69154 
7476 11
31181 48867 92239 24205 6462 46009 32059 79334 98720 1922 93691 
7554 10
43752 94040 53666 86674 49762 82637 86462 16035 41484 76030 
7556 12
44459 78319 48201 12878 20587 28347 64864 94494 25390 78393 88297 32630 
7764 14
57853 49066 63192 32902 49533 22021 83617 49000 49038 81965 87571 99370 30437 86056 
7797 11
12064 68117 79292 71402 80164 63518 58301 27903 88782 47329 50531 
7866 12
782 42094 24343 37216 31592 86664 89434 79481 54524 45318 83344 7718 
7943 12
3135 98499 47827 47444 73886 41555 29856 86278 48613 312 71878 87883 
8052 10
81519 99866 74660 65195 3217 19030 59355 97062 83116 36360 
8135 12
72541 67391 99499 93777 31082 37649 44690 48135 29967 75471 87098 91573 
8213 11
36249 71608 293 11223 64817 23557 41244 29363 26849 69127 81148 
8238 10
86382 42074 40493 73088 55207 85071 14061 27388 6401 35131 
8378 12
16590 11021 98544 34613 32958 61724 58463 58266 84298 20228 23823 82122 
8402 10
56229 77403 21096 89322 79383 55298 99951 54632 99734 88739 
8463 12
28120 48924 98328 97791 81485 5600 85826 62583 12765 27624 6843 28102 
8527 11
19148 94401 16151 9524 65955 76033 60051 97439 31812 23018 1885 
8715 10
6515 37207 56455 49514 35523 99282 48680 16746 92398 88316 
8725 10
54581 72158 50213 87907 36557 42803 49926 35704 52394 79366 
8753 12
4624 63736 70763 48862 78519 55031 89541 92585 77601 81449 19626 23287 
9008 13
44340 21294 84878 73789 85776 34087 20433 80156 48686 58925 10814 40164 46083 
9188 10
31659 34212 39482 97307 15639 68249 6180 62816 89639 24967 
9325 10
64586 40380 27150 79824 83968 76288 71920 48925 59020 57864 
9379 10
45402 37554 12990 19949 38219 87830 81871 14603 35578 62583 
9485 10
53390 16026 77376 63518 34768 87186 20997 19675 38909 64075 
9518 10
87891 64603 78987 55467 3630 68251 95052 46602 949 1228 
9527 12
99051 76762 34459 20917 62771 30708 22145 2838 21965 18679 5466 70519 
9644 12
90527 22785 92553 12269 50605 16013 73503 45307 13655 44636 91663 5130 
9682 10
11916 29918 417 73860 23870 12868 99892 98434 48153 3295 
