30 
841 3
97336 53547 18412 
144 2
2159 86252 
13 2
27540 35977 
198 4
43277 85926 67461 72862 
682 7
62803 36725 2095 99911 37421 71748 64141 
70 7
46955 59038 39147 69450 12609 64693 51218 
281 8
35282 28028 98763 61772 39307 34826 58260 44849 
275 21
44687 56099 19197 87440 5874 89075 80390 13727 34654 78046 15809 28202 24185 37622 62421 90778 68837 58119 65345 56813 38324 
856 16
93699 18910 28726 24378 44849 28413 20892 62884 9664 11792 45789 57723 76147 35138 48369 10159 
44 8
67337 19798 6481 11301 7177 48493 12732 27027 
328 12
33740 81785 49207 19527 367 53214 19780 96227 43999 33938 25160 34807 
435 22
58609 81036 84965 3191 31747 37475 56133 87514 468 11718 40494 34241 48405 79112 21866 97688 35239 95274 95703 34335 46239 32522 
552 12
26350 64790 19646 43328 94290 25992 55545 95124 49661 9877 47379 37990 
450 23
98694 96331 78089 34850 33222 26416 34350 62328 25354 16126 41428 54622 41943 38383 1731 361 33142 17196 5722 57628 29185 69742 99360 
386 14
65711 31085 23902 89204 46755 43600 41109 36458 18421 17512 6016 67088 33385 85219 
406 19
5175 80456 82163 71181 95533 76263 22702 32315 38572 11373 33777 39409 7785 97729 83364 54313 15264 84733 43520 
948 17
39578 79672 91111 6900 55675 89537 49716 36420 98258 25708 53225 11347 47500 39097 96773 28157 8941 
947 27
11564 1913 55387 5331 28423 49718 49411 80836 35542 3174 74577 73754 81284 62587 15019 24972 81270 34904 82256 8117 1361 59511 91011 34602 34394 73509 13839 
463 10
69374 3496 9592 51567 16211 84698 4723 72088 55917 77430 
231 7
32599 49217 32684 23534 51340 2623 63041 
471 14
3483 15816 14167 12704 51538 81107 32118 73200 6961 35339 73414 18841 90830 99955 
134 50
52238 42793 68066 44414 21592 20875 4582 17550 35696 87678 82963 8785 18505 81371 11695 45173 76728 12624 78823 67477 29505 13923 37592 19265 5390 76831 62313 35305 44789 70172 78647 24726 20376 92056 15232 73713 85188 85402 38058 85363 55454 63228 38969 72308 76517 49648 77437 61721 95182 78118 
565 27
47926 18298 59448 21867 99859 28502 2500 11011 81791 73215 49006 96649 46138 23335 11480 9327 7647 55720 82707 17779 54181 44973 86886 15498 77673 34974 68289 
762 19
71309 55343 8710 48424 67087 51709 77147 7198 44445 74542 5687 82838 9091 65447 22616 34911 86598 10739 12704 
761 25
32368 24676 78140 41509 6162 87097 38096 35721 43034 15455 11921 37498 96592 25330 32275 41984 98277 31384 90488 42292 50358 7130 77219 95034 83559 
170 61
4905 62069 15567 2848 502 38718 84513 75656 96065 63221 37847 85571 7437 61949 8919 43926 85297 4485 62452 74115 68953 6310 59227 87697 59739 54783 55092 58857 96735 6964 33479 41347 51339 65134 92510 74881 72516 30434 92111 56302 79752 78785 28835 83103 67049 6363 44751 86419 80937 52655 3876 16385 75707 24832 34935 81960 84883 53562 26009 72581 2846 
256 49
89206 32650 77214 46219 39128 15911 19823 67378 6685 98353 98850 65612 25257 98823 10594 28122 1654 41298 47885 3204 37195 11156 69486 13770 94033 10450 97802 90590 50432 34518 94272 32356 90167 16693 57206 24738 72325 82919 186 19970 85044 1378 5702 61746 29659 15653 57396 62039 21128 
882 19
69355 78158 17521 74862 59653 44806 64438 98898 35958 36185 18201 71752 22896 62758 89879 69795 57286 68040 69446 
240 7
32766 17107 49341 81640 12756 95086 95100 
167 11
42859 75515 10281 84135 93568 82155 79448 29744 99164 11843 38630 
