28 
41 32
12024 71858 32974 35740 64792 70242 7765 95007 64491 32398 45707 49284 92034 86281 89020 89237 2840 81650 81140 64374 26549 69993 5620 40361 57011 25002 9648 44259 20760 30173 79633 4956 
947 9
13839 73509 34394 34602 91011 59511 1361 8117 82256 
406 19
84733 43520 15264 54313 83364 97729 7785 39409 33777 11373 38572 32315 22702 76263 95533 71181 82163 80456 5175 
450 23
99360 69742 29185 57628 5722 17196 33142 361 1731 38383 41943 54622 41428 16126 62328 25354 34350 26416 33222 34850 78089 96331 98694 
799 71
8848 2594 812 88563 26682 39412 2179 33450 33914 77693 11751 39260 55488 21427 96360 41020 11583 67341 19427 17963 86978 55903 91172 94958 43924 12930 89601 83435 25691 96616 84007 77857 6714 97211 75702 48563 64 1228 93932 87927 62053 29486 49388 65674 10586 77069 19556 97514 75320 74424 59540 76567 27394 71246 65563 30025 26220 74344 860 7147 2441 28146 77860 92061 35466 70343 3316 75891 90774 65706 64299 
588 50
16113 86584 17785 46016 18063 26841 72896 9531 71549 10650 63359 33136 9288 84651 28957 17984 11572 41502 57734 46836 87369 77046 93611 27567 58798 38056 97961 86762 15929 36824 38071 50854 31323 77507 76444 99848 66494 11411 80793 60707 53877 47440 71343 91957 88308 47708 10086 37294 36240 29589 
13 2
35977 27540 
2 42
59076 64189 4797 94929 73076 20070 18731 7988 63065 21110 32282 9816 28678 47713 15378 29076 80013 94927 990 57618 37448 22850 15822 3694 75008 61729 80121 46105 92753 91892 40238 56751 14231 18725 81648 28336 25309 33458 94531 20417 31577 4967 
324 47
13173 48600 36221 14372 61288 66241 10343 16758 99464 22753 449 68892 20654 68041 18130 40845 3934 5045 68316 62838 61922 93169 91174 38639 94989 34252 97225 79909 57379 95412 24718 25098 62885 94690 90407 22689 39300 63286 22759 11366 99114 45441 54937 75247 53781 72161 51683 
595 87
48493 27870 28288 58946 82947 17275 69553 12009 35513 31462 64831 37648 46209 971 28662 81941 52270 45036 12966 65518 25378 93688 33320 83624 31613 88482 56164 53774 45935 75796 41320 41229 71947 15449 20235 93378 76528 20054 87682 56201 27503 14502 70489 74538 83454 31554 79101 31969 78573 4061 19437 81981 27858 14381 30121 87655 76269 33576 67658 30988 15117 23656 66043 53101 21732 43921 95259 83310 14680 38177 4097 20137 6037 67847 76429 77214 12024 71031 54532 79080 27390 87934 53332 47594 47506 77955 11463 
386 14
85219 33385 67088 6016 17512 18421 36458 41109 43600 46755 89204 23902 31085 65711 
281 8
58260 34826 61772 39307 44849 98763 28028 35282 
416 15
75226 61303 17636 70897 79390 43182 17330 1804 92947 78105 85126 94715 72703 14666 77021 
762 19
12704 10739 86598 34911 22616 65447 9091 82838 5687 74542 44445 7198 77147 51709 67087 48424 55343 8710 71309 
552 12
37990 47379 9877 49661 95124 55545 25992 94290 43328 19646 64790 26350 
198 4
72862 67461 85926 43277 
703 20
62254 86675 6977 129 95323 9559 18747 54963 1560 90768 81481 49064 26371 14638 87338 39512 44773 60396 47401 71501 
463 10
77430 55917 72088 4723 84698 16211 51567 9592 3496 69374 
682 7
64141 71748 37421 99911 2095 36725 62803 
629 25
23563 61500 32770 40806 94070 59031 44720 78674 4119 44432 49084 6335 40469 33843 15381 44767 85930 49760 42790 76198 7430 58470 72254 86651 56522 
70 7
51218 64693 12609 69450 39147 59038 46955 
49 30
89548 31512 27350 76864 27227 50481 89403 57247 48584 73953 30959 98830 6779 4463 41777 64456 9618 65489 93232 89592 26840 51487 31203 5839 75200 85206 79600 75692 46198 13650 
92 37
53394 50908 83347 1850 6485 5361 84279 39904 39226 31832 82407 62218 23437 14002 27004 91348 49823 66147 92803 42785 4816 94908 52765 17756 84072 33895 21223 65297 71251 15389 83909 61660 12694 57228 62057 92141 25835 
221 21
42072 47015 62039 66391 96568 30788 55582 95958 68448 69314 7527 44632 71305 9653 59295 8930 58210 4511 18439 63931 2939 
44 8
27027 12732 48493 7177 11301 6481 19798 67337 
471 14
99955 90830 18841 73414 35339 6961 73200 32118 81107 51538 12704 14167 15816 3483 
628 24
41304 90249 98692 5476 71292 24701 84904 62512 76074 28769 26672 61834 20111 39111 11306 7421 86412 75296 41450 36084 46407 2077 195 21435 
120 12
85140 8848 32188 44585 26106 84406 25587 90825 54379 37305 77479 27416 
